0.000000000000000000e+00 5.549813503927324421e-01 2.715189366372419144e-01 5.276088064941462541e+00 5.494343511669279312e-02 8.465395874634437101e-01
1.000000000000000000e+00 5.418022004702574002e-01 2.720324493442157765e-01 2.783818599338310218e+00 3.093092469055213831e-02 4.985781567438065665e-01
2.000000000000000000e+00 5.436994902142003872e-01 2.025926231827891444e-01 4.211106724160257997e+00 4.409691686920941267e-02 8.424090248964767325e-01
4.000000000000000000e+00 5.968029839013676563e-01 2.547232249175722107e-01 7.157074781165052357e+00 7.176678337376210526e-02 1.190951165180030191e+00
5.000000000000000000e+00 5.222993171089739262e-01 2.870732306177376514e-01 8.464885907545042443e+00 9.194247988585424469e-02 9.279148664185363771e-01
6.000000000000000000e+00 5.893860151436001171e-01 2.331979805301177266e-01 5.036292849875844135e-01 5.127965946799740993e-03 4.494446392776611510e-01
8.000000000000000000e+00 5.874429402791816468e-01 2.968540662820932097e-01 5.285418857216721555e+00 5.355471346400430405e-02 6.066143075412562258e-01
9.000000000000000000e+00 5.011374153885699290e-01 2.501874592148738974e-01 1.353064451186320793e+00 1.424912336696838172e-02 4.927413221820391431e-01
1.000000000000000000e+01 5.772320643266746210e-01 2.020751949359401722e-01 7.237912551660062199e+00 7.513158437132257117e-02 9.406016524041052040e-01
1.100000000000000000e+01 5.181269688876769530e-01 2.019475241487624639e-01 6.886238292591173149e+00 7.276845899002264140e-02 8.422026882328812469e-01
1.200000000000000000e+01 5.155162842379672483e-01 2.740049696515404754e-01 4.987387325678414030e+00 5.384019994464948194e-02 3.324747033871958135e-01
1.300000000000000000e+01 5.778702410573819392e-01 2.237541220034912348e-01 9.491154008452701518e+00 9.660917060625698327e-02 1.536365871085724422e+00
1.400000000000000000e+01 5.514943343772690243e-01 2.773165052079296644e-01 1.773368321760222521e-01 1.796647904451973126e-03 7.033849086069732248e-01
1.500000000000000000e+01 5.849817697268577810e-01 2.178895924920998539e-01 3.331309034893592091e+00 3.679230616273407306e-02 6.602382789996636969e-01
1.600000000000000000e+01 5.224291079153539075e-01 2.523163341400675996e-01 5.266823200065842148e-01 5.514593063147826303e-03 7.674644889856052643e-01
1.700000000000000000e+01 5.295665002687109935e-01 2.530586755605294114e-01 7.097816860883459089e-01 7.722135460937845815e-03 1.303114361206064054e+00
1.800000000000000000e+01 5.651374241739591797e-01 2.505453373734842781e-01 1.877149861358883065e+00 1.900218231178191219e-02 1.385106924436739328e+00
1.900000000000000000e+01 5.098533601749450916e-01 2.761249716674856192e-01 1.356991574491762886e+00 1.467503706015563583e-02 7.306673006507964363e-01
2.000000000000000000e+01 5.589130801077274446e-01 2.897713727909417836e-01 8.088097969570368306e+00 8.176791025346072384e-02 3.592594487646946222e-01
2.100000000000000000e+01 5.049724880809126626e-01 2.289109659789816953e-01 3.052391930661772501e-01 3.140008741679029512e-03 5.729294439874119682e-01
2.200000000000000000e+01 5.209460537358842069e-01 2.481681061763365836e-01 8.107222509717608716e+00 8.605901785361307066e-02 5.292472171203586040e-01
2.300000000000000000e+01 5.518297883846589036e-01 2.946962603814813897e-01 2.827802595570918509e+00 2.895718855274416123e-02 5.919330610921372804e-01
2.400000000000000000e+01 5.961017303335918172e-01 2.699512049949576165e-01 2.278636028268086644e+00 2.278666267850232643e-02 7.678760610171395662e-01
2.500000000000000000e+01 5.871124136627211554e-01 2.582276928672559979e-01 1.800578365440759443e+00 1.940521197692774563e-02 8.307629220707232198e-01
2.600000000000000000e+01 5.308934952624970727e-01 2.519391479305300718e-01 7.729932617474716494e+00 7.913285288091512215e-02 1.408139817346189426e+00
2.700000000000000000e+01 5.426721410518895450e-01 2.814583740494552844e-01 8.463206412895887709e+00 8.693231678809383578e-02 7.959297531926595726e-01
2.800000000000000000e+01 5.730013742289118417e-01 2.561239602327641252e-01 3.682986778538440920e+00 4.036164450131159848e-02 1.295980113766247666e+00
2.900000000000000000e+01 5.864759985570082712e-01 2.284905965227626845e-01 6.946528935295638085e+00 7.656048322869821177e-02 8.830628115567413783e-01
3.000000000000000000e+01 5.645143536068334411e-01 2.380748489635116649e-01 1.662181637066489692e+00 1.720142188417258036e-02 1.523807919649928122e+00
3.100000000000000000e+01 5.287053821660515629e-01 2.958105566518999807e-01 9.643311595419032045e+00 9.870013030615383542e-02 5.757476996993784457e-01
3.200000000000000000e+01 5.859889267293039161e-01 2.372711154975279957e-01 9.135658467002510719e+00 9.560999835018500759e-02 1.239885584252982120e+00
3.300000000000000000e+01 5.249510127437729823e-01 2.449975421050795410e-01 2.519277740185129399e+00 2.676966939780308849e-02 1.407930745449782250e+00
3.400000000000000000e+01 5.039561680881409211e-01 2.780100460524674855e-01 5.788085687603047980e+00 6.365637596196326020e-02 3.316150201729509694e-01
3.500000000000000000e+01 5.459054948224090209e-01 2.308349606964911760e-01 2.627745614406715280e+00 2.846503062385646529e-02 1.341126817891485024e+00
3.600000000000000000e+01 5.729507191595725191e-01 2.601614212370213508e-01 1.510160944984214382e+00 1.517417132438201796e-02 1.328716669842482156e+00
3.700000000000000000e+01 5.945496602857306412e-01 2.464098174304407696e-01 5.387675878532018459e+00 5.860759281111920654e-02 1.093380065074377683e+00
3.800000000000000000e+01 5.385773119516743535e-01 2.859707846590618940e-01 7.018582736927477583e+00 7.057966446746222200e-02 1.110407355254056316e+00
3.900000000000000000e+01 5.547889156145354717e-01 2.797899021282604926e-01 1.284796973043031754e+00 1.308293681618991414e-02 1.070657298151897141e+00
4.000000000000000000e+01 5.408687028080285675e-01 2.055366040111860082e-01 2.882059202350223170e+00 2.944321329414524221e-02 8.800865035814714465e-01
4.100000000000000000e+01 5.251923623744939595e-01 2.046095820672611809e-01 5.132079248441659969e-01 5.303479078830454149e-03 4.604616055876566971e-01
4.200000000000000000e+01 5.375540118847361715e-01 2.950714306409916166e-01 5.865199273423478132e+00 6.026718993550662928e-02 5.102180712137897034e-01
4.300000000000000000e+01 5.116054566389778291e-01 2.609066539279481511e-01 2.266758980099632836e+00 2.481837237656953077e-02 7.252543271344105147e-01
4.400000000000000000e+01 5.835842148665648654e-01 2.104796104369869858e-01 3.575267937052493128e+00 3.668958278937228812e-02 7.656825807241922632e-01
4.500000000000000000e+01 5.990011513475599347e-01 2.549544726844725218e-01 8.029999172288174725e-01 8.651667041838097261e-03 8.726961066748891716e-01
4.600000000000000000e+01 5.784832350805750867e-01 2.634833706052729929e-01 7.033852006311539284e+00 7.604951060033195154e-02 7.075833457545352978e-01
4.700000000000000000e+01 5.114488471893648969e-01 2.974483094436456421e-01 3.482430991926490194e+00 3.579531278337744205e-02 1.203362106957826860e+00
4.800000000000000000e+01 5.018490270931152963e-01 2.891573267180258533e-01 2.841043227164834928e+00 3.059866136843683235e-02 1.309458871225587462e+00
4.900000000000000000e+01 5.301964455855914249e-01 2.247061831961814360e-01 8.861114341907565972e+00 8.926874038949864087e-02 1.172790165161401443e+00
5.000000000000000000e+01 5.495601645538020774e-01 2.228083104449336271e-01 3.724093672435341507e+00 4.023666106255491953e-02 7.883074009569595031e-01
5.100000000000000000e+01 5.676731415503551981e-01 2.044712182202946260e-01 6.050532198573146836e+00 6.475795297496325653e-02 6.713118529178667693e-01
5.200000000000000000e+01 5.824110340709791611e-01 2.026117981569867388e-01 5.731287371856868873e+00 6.222375516561141906e-02 4.376671670647405143e-01
5.300000000000000000e+01 5.847662407210133528e-01 2.561165540265034068e-01 3.391020983546450651e+00 3.586531645550421199e-02 1.050361827156345962e+00
5.400000000000000000e+01 5.421182967140774078e-01 2.363239496965085507e-01 4.804608085016324637e+00 5.230999008858015081e-02 3.249731952836069637e-01
5.500000000000000000e+01 5.094108286671857888e-01 2.971655919989787398e-01 2.371889429465143362e+00 2.500974744830834762e-02 9.815891541065561166e-01
5.600000000000000000e+01 5.985191850542576075e-01 2.333412266014653347e-01 1.977561091343511768e+00 2.044265130423793264e-02 7.595698291218249132e-01
5.700000000000000000e+01 5.088349642902174619e-01 2.230477099551728126e-01 2.989657616994862543e+00 3.176748715744861368e-02 1.025360412827864609e+00
5.800000000000000000e+01 5.366105583022693359e-01 2.451205915893338028e-01 8.058911944927753535e-01 8.486584592918556408e-03 1.032656060017236754e+00
5.900000000000000000e+01 5.925035115574425193e-01 2.157870580534791971e-01 9.207348454867291254e-01 9.331537145284361789e-03 1.034933214059333251e+00
6.000000000000000000e+01 5.301873330046618094e-01 2.186945816341878124e-01 6.238067639071572579e+00 6.690920745854260498e-02 1.026635786608899981e+00
6.200000000000000000e+01 5.034754710423208213e-01 2.489107507965584720e-01 4.108652959298195739e+00 4.172879798116767291e-02 1.107619225149468978e+00
6.300000000000000000e+01 5.554941022500585746e-01 2.396247893705366616e-01 4.799269721624427554e+00 5.304158354819242527e-02 5.064732190933933786e-01
6.400000000000000000e+01 5.380098525433769652e-01 2.567098167179613921e-01 4.369451979920034645e+00 4.553603098668981136e-02 8.884673157609545013e-01
6.500000000000000000e+01 5.219645050147205811e-01 2.031402719502580778e-01 1.680210071931718119e+00 1.809182089996544396e-02 6.953932691350884765e-01
6.600000000000000000e+01 5.155287578131275694e-01 2.133699560700066111e-01 6.388326824767447398e+00 6.823177866911751821e-02 5.585124140030564011e-01
6.700000000000000000e+01 5.546851429934978039e-01 2.858856610591358760e-01 3.276504059176598815e+00 3.382759028032998605e-02 3.895548872542733410e-01
6.800000000000000000e+01 5.260371469948442735e-01 2.043361051161900477e-01 1.163134359187625533e+00 1.213870461330101777e-02 1.081684006509482820e+00
6.900000000000000000e+01 5.297249161672433759e-01 2.809067715673326804e-01 7.400866659696145433e+00 7.915151638665836320e-02 1.019571192711373531e+00
7.000000000000000000e+01 5.928480538618958740e-01 2.872426294409215486e-01 8.684811443278871224e+00 9.061184719865590653e-02 7.123028165872962170e-01
7.100000000000000000e+01 5.186575274818538972e-01 2.386599303042070130e-01 2.032355928941551149e+00 2.067104745494833737e-02 1.465939974262598255e+00
7.200000000000000000e+01 5.107738202255310833e-01 2.684342633278687384e-01 3.580332752052374445e+00 3.754952059824654548e-02 8.326661187567945266e-01
7.300000000000000000e+01 5.643689915786078704e-01 2.538620930968946698e-01 5.841776422307925820e+00 6.141546548418664458e-02 9.336674930444268661e-01
7.400000000000000000e+01 5.203202293430241321e-01 2.784547604110561014e-01 3.291588820002521842e+00 3.338143490706203809e-02 6.268865627337677493e-01
7.500000000000000000e+01 5.569940220119244945e-01 2.065964227589442426e-01 9.199518418363188843e+00 9.303615954023283785e-02 1.168285474915259137e+00
7.600000000000000000e+01 5.311829799756354609e-01 2.818987220718849884e-01 1.883532625330024635e+00 2.017763834868072786e-02 4.527830779903042058e-01
7.700000000000000000e+01 5.920109031799181132e-01 2.642195599923855553e-01 1.442782986913545784e+00 1.479214224217076726e-02 4.238882455505428859e-01
7.900000000000000000e+01 5.501668126340381049e-01 2.468067425948115012e-01 1.498144039715829878e+00 1.576863837975870861e-02 1.344950920187808929e+00
8.100000000000000000e+01 5.356419117805236718e-01 2.340848876689301528e-01 9.085623672033815268e+00 9.146809937885762298e-02 1.366548480682119981e+00
8.200000000000000000e+01 5.276225669801337670e-01 2.639230760925269648e-01 7.509161733174422260e+00 7.802618842422617829e-02 9.149744461032424114e-01
8.300000000000000000e+01 5.258042427105139582e-01 2.683787583071072236e-01 7.531447433987149331e+00 7.793591301217359102e-02 1.353858833920592364e+00
8.500000000000000000e+01 5.621373814553255466e-01 2.508953068645407014e-01 6.111371148420011501e+00 6.572607252686699097e-02 6.578577129709333171e-01
8.600000000000000000e+01 5.203606953628889809e-01 2.207093104060973143e-01 6.928975878548637723e+00 7.570468834102676847e-02 5.999521679454944412e-01
8.700000000000000000e+01 5.657264185232956377e-01 2.954901376913227073e-01 1.065426547472745344e+00 1.068538555422333253e-02 6.166882488818798969e-01
8.800000000000000000e+01 5.648551049353023323e-01 2.507149688213080041e-01 8.549993697609274079e+00 8.973223519697889894e-02 1.193794138230400259e+00
8.900000000000000000e+01 5.500694320468834109e-01 2.255937134311670200e-01 9.809188362319501975e-01 1.059524923447724767e-02 1.023135189827962588e+00
9.000000000000000000e+01 5.154054198766147010e-01 2.157685661009407507e-01 9.041390424359365241e+00 9.054527534972407754e-02 5.479921065539904435e-01
9.100000000000000000e+01 5.202003596117973361e-01 2.329020466492182084e-01 9.519646526640302975e-01 1.024003317959601769e-02 7.327184455226330995e-01
9.200000000000000000e+01 5.886880499437625591e-01 2.788581566803724487e-01 4.562331350945505015e+00 4.840809503787175255e-02 3.146041899396068153e-01
9.300000000000000000e+01 5.607354337776475628e-01 2.657511568617815789e-01 8.957134715339519104e+00 9.623834502993339202e-02 9.876148262357238305e-01
9.400000000000000000e+01 5.720385786243957771e-01 2.607221175621989295e-01 4.158875515054871741e+00 4.291986491115296759e-02 8.806086659660258276e-01
9.500000000000000000e+01 5.229803487556901054e-01 2.190688018624183109e-01 7.135347977484035376e+00 7.217366366335124794e-02 9.839259381118324876e-01
9.600000000000000000e+01 5.215686889016826200e-01 2.909502371341663451e-01 8.883043649716096724e+00 9.048416699877563640e-02 1.202449953969610963e+00
9.700000000000000000e+01 5.837944124264523582e-01 2.970235851940329352e-01 2.756067288944408666e+00 2.917351989383452915e-02 1.283298612246191128e+00
9.800000000000000000e+01 5.733267248068851796e-01 2.567189015450884737e-01 7.280785027972352275e+00 7.827770962228949858e-02 9.398065348718690482e-01
9.900000000000000000e+01 5.673278558630792112e-01 2.488078399240583605e-01 4.041415183047828985e-01 4.113192375003515977e-03 1.329584796815182157e+00
1.000000000000000000e+02 5.544404941790965768e-01 2.278369385093796107e-01 7.976236620008501532e+00 8.463283709967046875e-02 3.200891549361417621e-01
1.010000000000000000e+02 5.517398627702445602e-01 2.570667586868140009e-01 1.623377806250848820e+00 1.798064396628520564e-02 1.175303717908764867e+00
1.020000000000000000e+02 5.598681584936062716e-01 2.675986904372283925e-01 6.820398851889247993e+00 7.334328652299440532e-02 1.041424633079047535e+00
1.030000000000000000e+02 5.433111205600902327e-01 2.174215263198830683e-01 7.605976484550835082e+00 8.293559251444349023e-02 1.052020432242994907e+00
1.040000000000000000e+02 5.148920624348084507e-01 2.228298356999966479e-01 2.996089477787171607e+00 3.054898297846823582e-02 5.475252400411361187e-01
1.050000000000000000e+02 5.084739923896381963e-01 2.333506292479000932e-01 1.130177623364505779e+00 1.146299669658936912e-02 9.872643962658814720e-01
1.060000000000000000e+02 5.009564797748379261e-01 2.954306673081734669e-01 5.803134599276464023e+00 6.141165840098448958e-02 1.384889210558769124e+00
1.070000000000000000e+02 5.163704959445134524e-01 2.754780877651349935e-01 2.228385194127133762e+00 2.330117702250708578e-02 7.430014715682033977e-01
1.080000000000000000e+02 5.234611135983605612e-01 2.034387622103243365e-01 1.320357974818347158e+00 1.378231437139417273e-02 1.176515714295276016e+00
1.090000000000000000e+02 5.612460511650000372e-01 2.491426404552299911e-01 1.965303330225968148e+00 2.026235557239406543e-02 1.287994760448341491e+00
1.100000000000000000e+02 5.117058862305083888e-01 2.658455381746153146e-01 5.781501534207882820e+00 6.166547557397882018e-02 1.168032276551703497e+00
1.110000000000000000e+02 5.613170175617618884e-01 2.169069754345636647e-01 7.280578621388135829e+00 7.715698477978916170e-02 6.852759880514773805e-01
1.120000000000000000e+02 5.376057128873285018e-01 2.640304619922644314e-01 8.449597128479169328e-01 8.492043265504090402e-03 1.290477868632928349e+00
1.130000000000000000e+02 5.852985492730087280e-01 2.073903598842259943e-01 4.374832447094075150e+00 4.421286121028222132e-02 4.746038381169757070e-01
1.140000000000000000e+02 5.152631967175146377e-01 2.868745280741312742e-01 4.898711943034799177e+00 4.935290458741372482e-02 1.276106062182064793e+00
1.150000000000000000e+02 5.197092309739939076e-01 2.702774400796417176e-01 5.469663113071691285e+00 5.810327412385453416e-02 1.228829834952379407e+00
1.160000000000000000e+02 5.376168633288778143e-01 2.348707407646026257e-01 3.856925016522289029e-01 3.884644489189854888e-03 3.172901852158619418e-01
1.170000000000000000e+02 5.452411126481462311e-01 2.299333110743806419e-01 8.182789381445147114e+00 8.864503667526578423e-02 5.484511898560662235e-01
1.180000000000000000e+02 5.943651570693377906e-01 2.579137892994786685e-01 8.242088637817044372e+00 9.098609168529869784e-02 1.120198402218631761e+00
1.190000000000000000e+02 5.848843752562117304e-01 2.497831209792735763e-01 6.946744809629995743e+00 7.547488912232744318e-02 1.106885493089938555e+00
1.200000000000000000e+02 5.678955548208575177e-01 2.512958802259562252e-01 4.642196936584318756e+00 4.823710403923386209e-02 8.925388056042148355e-01
1.210000000000000000e+02 5.112330828005243744e-01 2.210767574542830960e-01 1.481199037939096463e+00 1.604251116489315357e-02 1.357391881537658662e+00
1.220000000000000000e+02 5.157991837891666709e-01 2.702210042492445563e-01 4.234308770058539118e+00 4.571957789313525061e-02 8.269492006013094976e-01
1.230000000000000000e+02 5.697469185597860974e-01 2.286139334950379465e-01 5.128298998234690487e+00 5.558016213920623227e-02 1.218270637344636143e+00
1.240000000000000000e+02 5.107064905954732392e-01 2.745471484885613211e-01 4.438287138859079661e+00 4.636587719232726501e-02 7.975949608774135502e-01
1.250000000000000000e+02 5.507726011499569641e-01 2.057530695168089951e-01 1.359674257216814341e+00 1.412270019281582772e-02 4.788857226893243890e-01
1.260000000000000000e+02 5.106172127217675216e-01 2.128144072034000578e-01 1.129780675804172185e+00 1.243237770443314169e-02 1.253781504197419849e+00
1.270000000000000000e+02 5.524833319954676192e-01 2.039962974149974184e-01 7.119699457953438504e+00 7.750627414733794740e-02 1.008010009772497773e+00
1.280000000000000000e+02 5.867637042850397666e-01 2.263144849597414077e-01 4.673227424070586222e-01 5.117750931021049221e-03 6.144004392099990941e-01
1.290000000000000000e+02 5.571531625145406119e-01 2.268259775813900869e-01 9.029728065416501304e-01 9.400781383632608734e-03 1.537689408844198580e+00
1.300000000000000000e+02 5.142630269076740035e-01 2.311544361127589875e-01 1.285628875917369740e+00 1.345533044242538251e-02 9.347904199993264385e-01
1.310000000000000000e+02 5.651153605471749275e-01 2.948109165840269719e-01 6.054182077949005425e+00 6.448831965644861997e-02 1.181882304294379793e+00
1.320000000000000000e+02 5.781903898792466467e-01 2.381144541819341653e-01 7.704334517761447287e+00 7.838659637901895794e-02 1.321475912479846970e+00
1.330000000000000000e+02 5.420508616348704845e-01 2.129660859284771002e-01 1.373913090340096677e+00 1.508210797290149285e-02 8.661598827017841229e-01
1.340000000000000000e+02 5.812403626308584315e-01 2.447764244847145110e-01 8.502067890214950907e+00 8.830798188839834861e-02 1.149916841111424670e+00
1.350000000000000000e+02 5.662328942449964542e-01 2.327694700300654840e-01 7.948065311977129177e+00 8.643524902550121791e-02 1.297015650918020402e+00
1.360000000000000000e+02 5.154215936899796402e-01 2.148167828464161433e-01 1.482398185330589202e+00 1.608948084832215186e-02 6.183550704451605817e-01
1.370000000000000000e+02 5.944850208119645263e-01 2.088544028163484834e-01 6.815753191495806718e+00 7.029904491822631940e-02 9.419755746057245638e-01
1.390000000000000000e+02 5.491962387523765532e-01 2.753244840801039039e-01 9.530611990078998730e+00 9.593716249443981492e-02 5.129252771548902246e-01
1.400000000000000000e+02 5.748905516496353174e-01 2.108732319900902263e-01 2.732678057575760544e+00 3.035976757494918479e-02 3.166329583911512979e-01
1.410000000000000000e+02 5.918385483951648096e-01 2.522394897635618638e-01 3.862933483948573610e+00 4.271723269098214731e-02 1.211658529091032666e+00
1.420000000000000000e+02 5.903061524812507344e-01 2.557807535786104647e-01 8.054507764259025038e+00 8.341466986444037723e-02 5.653411430813859440e-01
1.430000000000000000e+02 5.738754961650640585e-01 2.339954740673122480e-01 4.068425397000024368e+00 4.296986354856030532e-02 1.028330754776619615e+00
1.440000000000000000e+02 5.094344057980007001e-01 2.890943013448078469e-01 1.722744234474603786e+00 1.817866940332366760e-02 1.207762083760185234e+00
1.450000000000000000e+02 5.284041947666543448e-01 2.002029799586009795e-01 8.535341692907640887e-01 8.955743115923980868e-03 1.133810280889838484e+00
1.460000000000000000e+02 5.499109435245657096e-01 2.618906965226338035e-01 2.493242931485856406e+00 2.680958092507913088e-02 7.336933537072776179e-01
1.480000000000000000e+02 5.576405852231234306e-01 2.140308407252582701e-01 6.577533251222935640e-01 7.182067460284552105e-03 1.037672969689811708e+00
1.490000000000000000e+02 5.882307550976662025e-01 2.979703603317915839e-01 8.283205727444491018e+00 8.396914659568345540e-02 1.457435547067582160e+00
1.500000000000000000e+02 5.909583938567449790e-01 2.257971641275247632e-01 7.325030232131080510e+00 7.415758219032729526e-02 1.191388092785730546e+00
1.510000000000000000e+02 5.770794316397439561e-01 2.176821701098824446e-01 7.470082870858930413e+00 8.023107383036366669e-02 1.036090357705041098e+00
1.520000000000000000e+02 5.949727773888446869e-01 2.743643852810768724e-01 3.001805978685686327e+00 3.321195714868274695e-02 7.174548270042429010e-01
1.530000000000000000e+02 5.148699852920225473e-01 2.529184402250870267e-01 6.159262720371746491e-01 6.487757598339824114e-03 9.378062576237803372e-01
1.550000000000000000e+02 5.653326325797354279e-01 2.921122964864622529e-01 5.727885107536444309e+00 6.244188374130672098e-02 4.481502977263940868e-01
1.560000000000000000e+02 5.314619508602937969e-01 2.559000353658020255e-01 1.811673176357539994e+00 1.955936114763891578e-02 9.247752570297541608e-01
1.570000000000000000e+02 5.798402064684076151e-01 2.585220572306848319e-01 2.466656855673643900e+00 2.663767658686284207e-02 1.214579661275133393e+00
1.580000000000000000e+02 5.097269340830157258e-01 2.155006734955742242e-01 5.323466551788771817e+00 5.557045658506950397e-02 1.249344983568965617e+00
1.590000000000000000e+02 5.789846375183179683e-01 2.196392113331338825e-01 4.379360563788716298e+00 4.783451877892389015e-02 6.690518066448338796e-01
1.600000000000000000e+02 5.834392824800744837e-01 2.323434574903462113e-01 2.940574060185520366e+00 3.134995912642976612e-02 1.026179058948907930e+00
1.610000000000000000e+02 5.941673605684162363e-01 2.351208217521136290e-01 9.781753496981520080e-01 1.042337445413839270e-02 5.994656836235403574e-01
1.620000000000000000e+02 5.322000082509255048e-01 2.755755180982627506e-01 6.878184157844486890e+00 6.963120208785396337e-02 1.300262088948989758e+00
1.630000000000000000e+02 5.689963854860652370e-01 2.474089661063350876e-01 2.832188160595310755e+00 2.997577527639725889e-02 1.332288288896959827e+00
1.640000000000000000e+02 5.357982731750056127e-01 2.306702331360128422e-01 7.673919762216022455e+00 8.270867556845472313e-02 9.249662438106762696e-01
1.660000000000000000e+02 5.298739030209811407e-01 2.827277081655429347e-01 3.550687729620106148e-01 3.635993131539116095e-03 1.300955420237414284e+00
1.690000000000000000e+02 5.670590779478414944e-01 2.907574651630474016e-01 8.470419477945000386e-01 8.761360263103427221e-03 9.117052080371509382e-01
1.700000000000000000e+02 5.053645417597798506e-01 2.226861782584758365e-01 4.722349911445259174e+00 5.093937082261825594e-02 1.064293322874775960e+00
1.710000000000000000e+02 5.658746178420164252e-01 2.884476426903228585e-01 7.877875597651413209e+00 8.215610433994971484e-02 5.996720517784757121e-01
1.720000000000000000e+02 5.150401844456092837e-01 2.124608119221385039e-01 6.325786938167439644e+00 6.787535305866872204e-02 1.081906487722923416e+00
1.730000000000000000e+02 5.094257479552557477e-01 2.709215033317112775e-01 5.588656977577903362e+00 5.869051861517922408e-02 1.076188785602198328e+00
1.740000000000000000e+02 5.461038733687991753e-01 2.896315477062240129e-01 1.967998110521267829e+00 2.141426083546528816e-02 9.636412106196819982e-01
1.750000000000000000e+02 5.803087846530770033e-01 2.266014722382990454e-01 6.037815152087582682e+00 6.319789476214521251e-02 3.359890112338290713e-01
1.770000000000000000e+02 5.503831114732342655e-01 2.785804317688174159e-01 1.840101099418215647e+00 1.948316711133714352e-02 6.680866136523211374e-01
1.790000000000000000e+02 5.951455046492137857e-01 2.290527346577879708e-01 7.770749545163250893e+00 7.874482362011980818e-02 7.813444059614249593e-01
1.810000000000000000e+02 5.525023109374770369e-01 2.114089562804960520e-01 3.940941154481455211e+00 4.117771773837416993e-02 5.430357435079304906e-01
1.830000000000000000e+02 5.824353362859808758e-01 2.892622323831463005e-01 4.585907639905570932e+00 4.637634458378736557e-02 5.044969906928307157e-01
1.840000000000000000e+02 5.069456033371575465e-01 2.505281867445212640e-01 2.044208275596544944e+00 2.049885541309506842e-02 7.948477693910778186e-01
1.850000000000000000e+02 5.131553549338082609e-01 2.515047452035101827e-01 6.178948807704081503e+00 6.577335606308810922e-02 6.733225132573541494e-01
1.860000000000000000e+02 5.543698659382312321e-01 2.675482237344127823e-01 8.193920963982629146e+00 8.608315696611394674e-02 1.157060316408949241e+00
1.870000000000000000e+02 5.421040991680944332e-01 2.549903741630227816e-01 6.416904835909251759e+00 7.073695639345294051e-02 1.195415634604846566e+00
1.880000000000000000e+02 5.512977617473078240e-01 2.789689974844275500e-01 2.904695847186837820e+00 3.038180719780064418e-02 1.330696017680624843e+00
1.890000000000000000e+02 5.423709235748112034e-01 2.377898496703671483e-01 4.959530370285409440e+00 5.034507283612537493e-02 1.002317737000397280e+00
1.910000000000000000e+02 5.542609748199078812e-01 2.255508926274139569e-01 2.056767091675958170e+00 2.250487105954435824e-02 7.085896971950732537e-01
1.920000000000000000e+02 5.758299684791625683e-01 2.365941729225327084e-01 8.788389876315976679e+00 9.326291532919429861e-02 3.877097346349344109e-01
1.930000000000000000e+02 5.402988679801403737e-01 2.663137073293947998e-01 9.414453742133607195e-01 1.001733898827625660e-02 1.388214084123346126e+00
1.940000000000000000e+02 5.968698510056358320e-01 2.718536770563685367e-01 5.293886732782272730e+00 5.530213111196297798e-02 1.162997637605982959e+00
1.950000000000000000e+02 5.888327661736100227e-01 2.098171503535095628e-01 5.435403332358784034e+00 5.811768728748269858e-02 1.087643919007342141e+00
1.960000000000000000e+02 5.690509275495411190e-01 2.577975390804640443e-01 1.695052825257076901e+00 1.873051417841833238e-02 9.515060113738604830e-01
1.970000000000000000e+02 5.868906754173434104e-01 2.784702887497125801e-01 7.692312876713761405e+00 7.710616480794457717e-02 1.238442973142519055e+00
1.980000000000000000e+02 5.610801587863417650e-01 2.958910012319629912e-01 6.497555502706788833e-01 6.980850255053779561e-03 8.595964175460298895e-01
1.990000000000000000e+02 5.655791694634145772e-01 2.982039284769509857e-01 7.949603514808183391e+00 8.457110758164439190e-02 8.970407535156811329e-01
2.000000000000000000e+02 5.948632256851670297e-01 2.226547421131722937e-01 4.164223941403977669e+00 4.340255980803978120e-02 1.274406772233658725e+00
2.010000000000000000e+02 5.114904599320423406e-01 2.747880822719191429e-01 7.800286648084671981e+00 8.115948853575215283e-02 1.209962408241625376e+00
2.030000000000000000e+02 5.848900060320108008e-01 2.188938429325013035e-01 5.945317835059951150e+00 6.290937617618243272e-02 1.532780098305301042e+00
2.040000000000000000e+02 5.931556555504596817e-01 2.381202755929655301e-01 9.657258762965701848e+00 9.991631616186687215e-02 1.436616903101570974e+00
2.070000000000000000e+02 5.503964860559923400e-01 2.366022570642688505e-01 3.479142296682369295e+00 3.682678687322785832e-02 1.112932082673329770e+00
2.090000000000000000e+02 5.844283823677424161e-01 2.338116759912318432e-01 6.190991895727893102e+00 6.305273827644609919e-02 7.529565054434630422e-01
2.100000000000000000e+02 5.100924210219771604e-01 2.302848099905029366e-01 4.982875484633556340e+00 5.093371176193946942e-02 4.557704327655212606e-01
2.110000000000000000e+02 5.782368077778089477e-01 2.692828860599977281e-01 4.194959846946965110e-01 4.207726522505983099e-03 1.545741736983287318e+00
2.120000000000000000e+02 5.233901634027335881e-01 2.911689574063520691e-01 1.801815455221112139e-01 1.990729678375049820e-03 7.078063531519761531e-01
2.130000000000000000e+02 5.219426537392440890e-01 2.919046368692393978e-01 6.015559618768132388e+00 6.049179487062021632e-02 1.272280369022967594e+00
2.140000000000000000e+02 5.049244028237636073e-01 2.355724720915148562e-01 4.073621931682994912e+00 4.110725006676572285e-02 6.418486794481303992e-01
2.150000000000000000e+02 5.154921589734775544e-01 2.489565123378542633e-01 1.992477769841935809e+00 2.169984950064292664e-02 5.945994091429731565e-01
2.160000000000000000e+02 5.036589034976298729e-01 2.779644675342916038e-01 2.121836253651597559e+00 2.190702963558911753e-02 6.178405473076625798e-01
2.170000000000000000e+02 5.104661686240485885e-01 2.793418498880250178e-01 5.670083299392332243e+00 6.115498277870379251e-02 9.852000385863707299e-01
2.200000000000000000e+02 5.361152210618357339e-01 2.373653417798296528e-01 2.298734373825920052e+00 2.384329339115345142e-02 7.319853773395610386e-01
2.220000000000000000e+02 5.527028426084147350e-01 2.685317185083674896e-01 6.464276606283752891e+00 6.572276066240383130e-02 3.606824260335932952e-01
2.230000000000000000e+02 5.816385451300453147e-01 2.788366955828648353e-01 7.041329632993657661e+00 7.125084901721633057e-02 3.616420399453960099e-01
2.240000000000000000e+02 5.482435034089458981e-01 2.437048304273612687e-01 3.254710837660388378e+00 3.606695495117134831e-02 1.185628041340074823e+00
2.250000000000000000e+02 5.293165678989864009e-01 2.535155408264296861e-01 3.506992765653169197e+00 3.799612938711076360e-02 1.058888473565204436e+00
2.260000000000000000e+02 5.895957261287624318e-01 2.344826803003848548e-01 6.938787118885800353e+00 7.164424915356634727e-02 7.121468920667060054e-01
2.270000000000000000e+02 5.128471455191911943e-01 2.580568039402429958e-01 4.411759282412038630e+00 4.575437240961576640e-02 4.614072984741203198e-01
2.280000000000000000e+02 5.424810811469527039e-01 2.541742766902156392e-01 3.416399493461978576e+00 3.526221949020235530e-02 8.658593831249924433e-01
2.290000000000000000e+02 5.098024999499675136e-01 2.738557207031108165e-01 2.468737533401375916e+00 2.550669155261262380e-02 1.293659776071132139e+00
2.320000000000000000e+02 5.328096326504467850e-01 2.346138720469048977e-01 5.997317152089512327e+00 6.558167902242503788e-02 7.044557211396167418e-01
2.330000000000000000e+02 5.150469133381223585e-01 2.892215598513833141e-01 8.631967201589610283e+00 9.007427737087862762e-02 7.526068360710258531e-01
2.340000000000000000e+02 5.031967343470012954e-01 2.254282073234248063e-01 9.619711601574813642e+00 9.704724558295139969e-02 6.240708158239693937e-01
2.350000000000000000e+02 5.931588103170740700e-01 2.522707046565120237e-01 8.427999068632718860e+00 9.284302983400141707e-02 7.842780435970611030e-01
2.360000000000000000e+02 5.078865815050268573e-01 2.810719351924816922e-01 7.570126311889041837e+00 8.304790864107847170e-02 7.553994543763637992e-01
2.370000000000000000e+02 5.988808657001926106e-01 2.238719185337148532e-01 7.396822323810540389e+00 8.205965172998631874e-02 5.160005184455034311e-01
2.390000000000000000e+02 5.310831243326035178e-01 2.129803985432724422e-01 7.221658114275236962e+00 7.726237334292014591e-02 1.053432480911914215e+00
2.400000000000000000e+02 5.294506540115123672e-01 2.430376865721384783e-01 2.460350785854597877e+00 2.514736273060010074e-02 7.313438621945350659e-01
2.410000000000000000e+02 5.615947422976905745e-01 2.578306570869451364e-01 1.053775194798217546e-01 1.149751884274855017e-03 1.230078265863045583e+00
2.420000000000000000e+02 5.685686453771791049e-01 2.055204111376790210e-01 5.633525878522500641e+00 5.839318638705960629e-02 7.374041451564138372e-01
2.430000000000000000e+02 5.208635369202099241e-01 2.781991987658436472e-01 3.387092046309266191e+00 3.525687200048073511e-02 8.221924782780467567e-01
2.440000000000000000e+02 5.291677664017379046e-01 2.099277050970192460e-01 3.721645937809630933e+00 4.023832801811014215e-02 4.051319348259520003e-01
2.450000000000000000e+02 5.907853866674329657e-01 2.112530004614531220e-01 7.775806380477900959e-01 8.544560364046750733e-03 1.498567270526435014e+00
2.460000000000000000e+02 5.480649288433758759e-01 2.912466442106670939e-01 5.751137639453189898e+00 5.934870658658648185e-02 3.229015507615067837e-01
2.470000000000000000e+02 5.367180324611460218e-01 2.907541501796083727e-01 9.344497471622097429e-01 9.505075743282416501e-03 1.101250387496726102e+00
2.490000000000000000e+02 5.517936600528218216e-01 2.799423920168232494e-01 6.347989449924496874e+00 6.392223971053535847e-02 1.196937474607821184e+00
