-0.043457  -0.084941  -0.095898  -0.097900  -0.108576  -0.068806  0.045668  -0.002528  0.080352  0.127623  0.097948  0.036269  0.120681  0.088179  0.161029  0.178892  0.241957  0.138704  0.079960  0.150239  0.121878  0.019361  -0.111065  -0.182077  -0.132934  -0.064862  -0.067505  -0.106107  -0.160213  -0.165138  -0.129447  -0.100805  -0.151851  -0.093739  -0.008942  -0.037037  0.039063  -0.010459  0.011658  0.054914  -0.101015  
-0.117410  -0.093118  0.003206  -0.045800  -0.041553  0.061093  -0.048864  -0.063675  -0.052775  -0.029025  0.000530  -0.115139  -0.134455  -0.179462  -0.130167  -0.174821  -0.168868  -0.179828  -0.203830  -0.178803  -0.229134  -0.240956  -0.158206  -0.157550  -0.106655  -0.109496  -0.008486  -0.019246  -0.010269  0.064121  0.049062  -0.012583  0.046020  -0.035587  0.035544  0.060457  0.226010  0.146626  0.120578  0.052857  -0.003688  
-0.084907  -0.117201  0.010556  0.043903  0.076285  0.067739  0.051888  0.072304  0.084336  0.072367  0.120899  -0.041772  -0.152391  -0.046591  0.041181  -0.010886  0.098390  0.063615  0.080877  0.016517  0.088592  0.015135  0.083940  -0.041831  0.056448  0.003174  -0.043274  -0.093661  -0.060192  -0.030982  -0.023458  0.095111  0.051185  0.011638  0.022706  0.028700  -0.061151  -0.080395  -0.163566  -0.068563  -0.104266  
-0.049737  -0.056232  -0.117962  -0.132399  0.025881  -0.023624  0.023759  0.078471  0.027917  0.017618  -0.020553  -0.124802  -0.033222  -0.010704  -0.070691  -0.013027  -0.067010  0.062112  0.053540  0.028339  0.060122  0.045328  -0.031141  -0.007613  -0.011690  0.119740  0.070132  0.024130  0.029783  0.057490  0.080173  -0.028117  -0.125592  -0.028034  -0.034345  0.037443  0.004796  -0.001277  -0.025655  0.119821  -0.021226  
0.135434  0.122687  -0.007466  -0.137665  -0.061818  -0.053858  -0.039952  0.005950  0.144212  0.066397  0.071018  0.024250  0.198784  0.199699  0.070562  0.223399  0.220518  0.077007  0.126101  0.143133  0.169126  0.075479  -0.065076  -0.164171  -0.205001  0.003318  0.100035  0.066362  0.049844  -0.107694  -0.159664  -0.099782  -0.098818  -0.011955  -0.013044  -0.074349  -0.040299  -0.088416  0.015982  -0.068032  0.058061  
-0.015328  -0.047235  -0.047907  0.054133  -0.063310  -0.068062  -0.092697  -0.092972  -0.186784  -0.154111  -0.189627  -0.186630  -0.100980  -0.065476  -0.077291  -0.045292  -0.087286  -0.041787  -0.013683  -0.042221  -0.029994  -0.061133  0.044923  -0.019725  -0.014001  -0.096432  -0.055159  -0.025612  0.079900  0.049414  0.049873  0.048420  -0.010589  0.023286  0.029676  -0.117976  -0.093603  -0.034972  -0.071720  -0.213959  -0.145347  
0.056427  0.078081  0.109128  0.118190  0.003511  -0.040638  -0.097601  -0.040791  0.105861  0.075525  0.050057  0.248905  0.191312  0.123298  0.039128  0.013666  -0.082907  -0.089370  -0.028083  0.058135  -0.032627  -0.088275  -0.141427  -0.131225  -0.106979  -0.165264  -0.162499  -0.031078  -0.137105  -0.131880  -0.155346  -0.031272  0.074020  0.016142  -0.049437  0.117509  0.036192  0.041333  -0.064660  -0.051343  -0.068918  
0.098461  0.135282  0.185023  0.108446  0.167208  0.195827  0.065126  0.099452  0.141992  0.065893  0.020698  0.052461  -0.003144  0.066504  -0.000288  0.037177  -0.043275  0.043645  -0.006132  -0.056145  -0.031129  -0.013356  -0.070446  -0.159684  -0.158211  0.122757  0.027902  0.009997  -0.024461  0.079824  0.129195  0.206401  0.081497  0.088655  -0.008563  0.034978  0.156369  0.318065  0.238733  0.163863  0.166941  
0.031299  0.089392  0.028304  0.054043  0.094193  0.070198  0.121503  0.085340  0.183865  0.086186  0.048892  0.025012  -0.023839  0.088332  0.079602  0.051046  -0.027084  -0.008839  0.084464  0.047910  -0.044462  -0.034627  -0.172324  -0.023552  0.047908  -0.094212  -0.077544  0.098348  -0.007708  -0.043020  -0.039442  0.040814  -0.051945  -0.128747  -0.130258  0.113321  0.037679  -0.042099  -0.076689  -0.049627  -0.024178  
-0.121897  -0.112591  -0.204864  -0.162952  -0.123926  -0.166283  -0.028536  -0.045998  0.033759  0.035906  0.028004  -0.046224  0.001634  -0.065336  0.053890  0.046684  0.071668  0.051095  0.063003  0.106196  0.100557  0.106835  0.183214  0.263861  0.319599  0.111242  0.073252  -0.039547  0.036712  0.014871  -0.035513  0.034480  -0.000282  -0.008147  -0.083471  -0.067652  0.011651  0.012730  -0.038895  -0.075443  -0.164145  
