-0.043457  -0.084941  -0.095898  -0.097900  -0.108576  -0.068806  0.045668  -0.002528  0.080352  0.127623  0.097948  0.036269  0.120681  0.088179  0.161029  0.178892  0.241957  0.138704  0.079960  0.150239  0.121878  0.019361  -0.111065  -0.182077  -0.132934  -0.064862  -0.067505  -0.106107  -0.160213  -0.165138  -0.129447  -0.100805  -0.151851  -0.093739  -0.008942  -0.037037  0.039063  -0.010459  0.011658  0.054914  -0.101015  
-0.117410  -0.093118  0.003206  -0.045800  -0.041553  0.061093  -0.048864  -0.063675  -0.052775  -0.029025  0.000530  -0.115139  -0.134455  -0.179462  -0.130167  -0.174821  -0.168868  -0.179828  -0.203830  -0.178803  -0.229134  -0.240956  -0.158206  -0.157550  -0.106655  -0.109496  -0.008486  -0.019246  -0.010269  0.064121  0.049062  -0.012583  0.046020  -0.035587  0.035544  0.060457  0.226010  0.146626  0.120578  0.052857  -0.003688  
-0.084907  -0.117201  0.010556  0.043903  0.076285  0.067739  0.051888  0.072304  0.084336  0.072367  0.120899  -0.041772  -0.152391  -0.046591  0.041181  -0.010886  0.098390  0.063615  0.080877  0.016517  0.088592  0.015135  0.083940  -0.041831  0.056448  0.003174  -0.043274  -0.093661  -0.060192  -0.030982  -0.023458  0.095111  0.051185  0.011638  0.022706  0.028700  -0.061151  -0.080395  -0.163566  -0.068563  -0.104266  
-0.049737  -0.056232  -0.117962  -0.132399  0.025881  -0.023624  0.023759  0.078471  0.027917  0.017618  -0.020553  -0.124802  -0.033222  -0.010704  -0.070691  -0.013027  -0.067010  0.062112  0.053540  0.028339  0.060122  0.045328  -0.031141  -0.007613  -0.011690  0.119740  0.070132  0.024130  0.029783  0.057490  0.080173  -0.028117  -0.125592  -0.028034  -0.034345  0.037443  0.004796  -0.001277  -0.025655  0.119821  -0.021226  
0.135434  0.122687  -0.007466  -0.137665  -0.061818  -0.053858  -0.039952  0.005950  0.144212  0.066397  0.071018  0.024250  0.198784  0.199699  0.070562  0.223399  0.220518  0.077007  0.126101  0.143133  0.169126  0.075479  -0.065076  -0.164171  -0.205001  0.003318  0.100035  0.066362  0.049844  -0.107694  -0.159664  -0.099782  -0.098818  -0.011955  -0.013044  -0.074349  -0.040299  -0.088416  0.015982  -0.068032  0.058061  
-0.015328  -0.047235  -0.047907  0.054133  -0.063310  -0.068062  -0.092697  -0.092972  -0.186784  -0.154111  -0.189627  -0.186630  -0.100980  -0.065476  -0.077291  -0.045292  -0.087286  -0.041787  -0.013683  -0.042221  -0.029994  -0.061133  0.044923  -0.019725  -0.014001  -0.096432  -0.055159  -0.025612  0.079900  0.049414  0.049873  0.048420  -0.010589  0.023286  0.029676  -0.117976  -0.093603  -0.034972  -0.071720  -0.213959  -0.145347  
0.056427  0.078081  0.109128  0.118190  0.003511  -0.040638  -0.097601  -0.040791  0.105861  0.075525  0.050057  0.248905  0.191312  0.123298  0.039128  0.013666  -0.082907  -0.089370  -0.028083  0.058135  -0.032627  -0.088275  -0.141427  -0.131225  -0.106979  -0.165264  -0.162499  -0.031078  -0.137105  -0.131880  -0.155346  -0.031272  0.074020  0.016142  -0.049437  0.117509  0.036192  0.041333  -0.064660  -0.051343  -0.068918  
0.098461  0.135282  0.185023  0.108446  0.167208  0.195827  0.065126  0.099452  0.141992  0.065893  0.020698  0.052461  -0.003144  0.066504  -0.000288  0.037177  -0.043275  0.043645  -0.006132  -0.056145  -0.031129  -0.013356  -0.070446  -0.159684  -0.158211  0.122757  0.027902  0.009997  -0.024461  0.079824  0.129195  0.206401  0.081497  0.088655  -0.008563  0.034978  0.156369  0.318065  0.238733  0.163863  0.166941  
0.031299  0.089392  0.028304  0.054043  0.094193  0.070198  0.121503  0.085340  0.183865  0.086186  0.048892  0.025012  -0.023839  0.088332  0.079602  0.051046  -0.027084  -0.008839  0.084464  0.047910  -0.044462  -0.034627  -0.172324  -0.023552  0.047908  -0.094212  -0.077544  0.098348  -0.007708  -0.043020  -0.039442  0.040814  -0.051945  -0.128747  -0.130258  0.113321  0.037679  -0.042099  -0.076689  -0.049627  -0.024178  
-0.121897  -0.112591  -0.204864  -0.162952  -0.123926  -0.166283  -0.028536  -0.045998  0.033759  0.035906  0.028004  -0.046224  0.001634  -0.065336  0.053890  0.046684  0.071668  0.051095  0.063003  0.106196  0.100557  0.106835  0.183214  0.263861  0.319599  0.111242  0.073252  -0.039547  0.036712  0.014871  -0.035513  0.034480  -0.000282  -0.008147  -0.083471  -0.067652  0.011651  0.012730  -0.038895  -0.075443  -0.164145  
0.102147  0.128884  0.125147  0.044532  -0.057040  -0.103706  -0.078664  -0.020365  -0.033193  0.024868  0.045507  0.098304  0.046258  -0.032747  -0.112308  -0.042622  -0.002071  0.006377  -0.099483  -0.115386  -0.113327  -0.144798  -0.045056  -0.001916  -0.037420  -0.069798  -0.036346  -0.101516  -0.005160  0.034293  -0.036990  -0.054400  0.053309  -0.033334  -0.137924  -0.030347  -0.079555  -0.011758  -0.054791  -0.074065  -0.042639  
-0.004300  -0.060658  -0.045203  0.058766  0.085556  0.111679  0.170564  0.125693  0.025476  0.061965  0.082507  0.084016  0.037073  -0.017521  -0.044521  -0.060176  -0.033448  0.038310  -0.019608  -0.048160  0.029592  -0.011156  -0.019598  0.021057  0.171087  0.156415  0.158436  0.105471  0.010740  -0.049175  -0.083483  -0.022941  -0.006216  -0.128512  -0.131995  -0.070730  -0.022121  -0.059200  0.070183  0.133471  -0.001030  
0.080529  0.009426  0.003622  -0.107634  -0.025520  -0.095193  -0.094562  -0.083411  -0.022717  -0.043187  -0.052841  -0.083889  0.002661  -0.059604  -0.167989  -0.146422  -0.210117  -0.193509  0.006881  0.139847  0.043318  0.041456  0.004480  0.063638  0.099341  0.023301  0.063867  0.124066  0.038654  -0.061408  -0.045771  0.030005  0.076698  0.102825  0.015879  0.178227  0.121138  0.161523  0.176173  0.093197  0.141966  
-0.117816  -0.182570  -0.201362  -0.120294  -0.109305  -0.096013  0.010865  -0.098937  0.037198  0.030784  0.052983  -0.147739  -0.048205  -0.088794  -0.083922  0.052543  -0.060358  -0.064764  -0.013163  -0.066780  0.025307  0.127039  -0.042078  -0.052150  -0.047453  -0.007876  -0.057049  -0.112588  -0.086289  -0.079997  -0.001208  0.049260  -0.009575  -0.019149  0.017855  0.121800  -0.003516  -0.040089  0.097331  0.063085  -0.054829  
0.030617  -0.038237  -0.063209  0.013186  -0.029998  0.002696  -0.092535  -0.117472  -0.169034  -0.083788  -0.034121  -0.026901  0.080690  0.060001  -0.042494  -0.009639  -0.018351  -0.024902  -0.140713  -0.022709  -0.181883  -0.096267  -0.004310  0.096803  0.060004  -0.079203  -0.167296  -0.246662  -0.131606  -0.106477  -0.010652  -0.072094  0.100376  0.025749  0.053044  0.020086  0.155935  0.127486  0.101879  0.117598  0.026282  
-0.016471  0.028662  0.147174  0.054699  0.095435  0.137271  0.202301  0.100662  0.036618  0.029532  0.026140  0.023796  0.112731  0.031948  -0.000310  -0.049333  0.069968  0.127702  0.049961  -0.003272  0.075157  0.075877  0.019629  0.075570  0.040372  0.222220  0.265718  0.201322  0.173851  0.072091  0.107376  0.099150  0.027390  0.050675  0.061440  0.067710  0.148761  0.199759  0.052991  -0.094536  -0.113692  
0.044183  0.087500  0.001978  -0.073395  0.108547  0.042088  0.118546  0.026393  0.056183  -0.024430  -0.134841  -0.024436  -0.017980  -0.024868  -0.080899  -0.218536  -0.174323  -0.309311  -0.249156  -0.076354  -0.042098  0.015362  0.031788  0.050315  -0.089560  0.012448  -0.046532  -0.061663  -0.041903  -0.126515  -0.106405  0.008792  0.086188  0.005109  0.104188  0.130028  0.179618  0.139777  0.087308  0.037291  0.011345  
-0.105197  -0.102524  0.024007  -0.039374  -0.088507  -0.141251  -0.097198  0.007241  -0.052143  -0.093741  -0.167220  0.037852  -0.024665  -0.064262  -0.129850  0.031694  -0.031767  -0.050799  -0.034267  0.115319  0.056861  -0.014110  -0.013296  -0.010168  -0.083080  -0.128340  -0.001333  -0.061798  -0.022695  0.131915  0.045000  0.081761  0.054575  0.080905  0.041593  0.026212  -0.049654  -0.048908  -0.114556  -0.075745  -0.212217  
-0.001550  -0.009567  -0.068294  0.018364  -0.060301  -0.015313  0.051331  0.072531  -0.127927  -0.117761  0.009648  -0.011945  0.034597  0.058910  0.153294  0.062094  0.082909  -0.019087  -0.052774  -0.057348  -0.066181  -0.066804  -0.115257  -0.130914  -0.109608  -0.125975  -0.063092  -0.046652  -0.070923  -0.109202  0.081836  -0.016888  -0.104768  0.029244  -0.073502  -0.068068  -0.078598  -0.047827  -0.029584  -0.028322  0.030983  
-0.127361  -0.040830  -0.062420  -0.053241  -0.042941  -0.106407  -0.065457  0.001395  0.044072  -0.057553  -0.111774  -0.089690  -0.017541  0.064122  -0.010574  -0.018037  -0.072327  -0.093652  -0.020875  0.021529  0.054636  0.019990  0.026383  0.038402  0.060050  0.012913  -0.005675  0.053437  -0.039472  0.044370  0.031992  -0.085972  -0.137510  -0.109047  -0.063612  -0.014339  0.016817  -0.123127  -0.076872  -0.097569  -0.064707  
0.017921  0.004190  -0.098862  0.025690  0.098547  0.099556  -0.095255  -0.171787  -0.138436  -0.102459  -0.199660  -0.176270  -0.085885  -0.132020  -0.199747  -0.201827  -0.149880  -0.143384  -0.140556  -0.043632  0.018525  0.040897  -0.138478  -0.113364  -0.176850  -0.167942  -0.154768  -0.148157  -0.111731  -0.088562  -0.065219  -0.042624  -0.062519  -0.073000  -0.055213  -0.031017  -0.051022  -0.045526  0.114302  -0.000194  0.007003  
0.061750  0.006978  0.040633  0.056720  0.066357  -0.031760  0.055458  -0.109493  -0.021479  0.022454  -0.005604  -0.004841  0.094153  -0.045004  0.042500  0.060522  0.110108  0.093225  0.084470  0.025778  -0.019933  -0.023088  -0.064419  0.056368  -0.001061  -0.030747  0.032221  0.026319  0.086333  0.113172  0.209628  0.296423  0.128223  0.007772  0.014134  0.062938  0.081718  0.109157  0.196360  0.022382  0.040381  
-0.012938  -0.041885  -0.138887  -0.028157  0.039826  -0.080754  -0.180847  -0.149085  -0.101679  -0.139196  -0.030323  -0.024168  0.042422  0.044880  -0.021420  0.008409  0.040722  -0.005642  0.008852  0.003817  0.004377  0.014092  -0.038192  0.032044  0.033955  0.043653  0.090730  -0.037448  -0.046195  0.035246  0.135479  0.103827  0.146455  0.051231  0.013583  0.026167  0.015755  -0.019632  -0.012212  -0.045327  -0.036814  
-0.098872  -0.102309  -0.132643  0.042626  0.123400  0.143592  0.028262  0.090050  0.028508  -0.051736  -0.081049  -0.077052  -0.140997  -0.204139  -0.039380  -0.103676  -0.161960  -0.090593  -0.015075  -0.034418  -0.121692  0.005602  0.006121  0.000245  0.018160  0.131552  0.094291  0.125649  0.141152  0.048755  -0.035316  0.096161  0.063074  0.047326  0.005772  0.035394  -0.103857  -0.194263  -0.073204  -0.056910  -0.089466  
-0.040086  -0.078869  -0.047318  0.051857  0.040013  -0.039577  -0.188065  -0.103615  -0.102890  -0.144246  0.021439  0.115810  0.137331  0.149136  0.123634  0.036633  0.088323  0.002351  0.142199  0.275557  0.157115  0.143105  -0.055203  0.019772  0.045222  0.055880  0.056250  -0.052503  -0.095028  -0.038898  -0.018799  0.039018  0.030317  0.112758  0.073718  0.044606  -0.107367  -0.204177  -0.101330  -0.140532  -0.123475  
-0.019942  0.011510  0.037150  -0.046060  0.094074  0.088717  0.042560  0.086627  0.145351  -0.007241  -0.035940  0.059313  0.093554  0.057899  0.151817  0.125963  0.070766  0.087822  0.127553  0.138337  0.196937  0.319943  0.150340  0.110005  0.010717  -0.019631  -0.098107  -0.141457  -0.053304  0.035766  0.074132  0.114890  0.013359  -0.003008  0.020080  0.105655  0.028586  0.074429  -0.077205  -0.013336  -0.045862  
0.109808  0.081058  0.053171  -0.039500  -0.032297  0.040380  0.103822  0.061024  -0.001616  -0.005914  0.076881  -0.006493  0.145731  0.109370  0.167727  0.147824  0.169141  0.261677  0.186906  0.068845  0.061425  0.032307  -0.044095  -0.025059  0.035081  -0.010516  -0.055290  0.063430  0.036381  -0.099909  -0.157125  -0.175520  -0.110155  -0.158790  -0.104021  -0.067596  -0.054862  -0.088711  0.020300  -0.037433  0.154020  
-0.098780  -0.078925  -0.077661  -0.083132  -0.078358  0.001633  -0.044501  -0.084695  -0.130175  -0.176532  -0.052347  -0.103255  -0.069003  -0.016125  -0.060992  -0.055988  -0.060382  0.002911  0.028067  -0.009931  -0.002941  0.048701  0.042656  0.058920  0.080635  0.003974  0.027307  -0.045953  -0.153673  -0.054871  -0.072581  -0.036648  -0.084207  -0.116759  -0.170516  -0.024642  -0.016374  -0.072474  -0.009775  -0.124248  -0.164365  
0.041197  0.109667  0.115014  0.226449  0.186044  0.070133  0.192926  0.175455  0.104776  0.111888  0.088527  0.041682  0.089607  -0.050114  0.012207  -0.064455  -0.111964  -0.080114  -0.111942  -0.131411  -0.077363  -0.091919  -0.099565  -0.049907  -0.112440  -0.012609  -0.036897  -0.133182  -0.033396  -0.132361  -0.092195  -0.010400  -0.022403  0.043194  -0.037581  0.053373  -0.018101  -0.069410  -0.054991  0.055023  0.005851  
0.026780  0.019142  0.005532  0.050016  -0.095114  -0.014705  -0.046928  -0.071992  -0.088378  -0.037446  -0.079918  -0.039350  -0.020638  -0.055459  0.033173  -0.047084  0.024908  0.060222  -0.000665  0.046569  0.149241  0.221756  0.019559  -0.045343  -0.028486  -0.036095  0.030716  -0.087521  -0.108219  -0.056602  -0.089003  -0.067767  -0.067646  -0.081804  -0.119482  -0.104799  0.015230  0.041111  -0.008385  -0.089072  -0.097104  
-0.053066  0.067262  0.057903  -0.104812  -0.115645  -0.064012  -0.031385  0.024129  0.121385  0.134500  0.166801  0.197124  0.042377  0.070333  -0.028868  -0.060312  -0.063151  -0.133316  -0.064307  -0.151316  -0.096912  -0.088169  -0.052577  -0.005941  -0.038172  -0.093634  -0.033264  -0.058303  -0.079214  -0.021034  -0.014228  -0.039852  -0.010827  -0.087457  -0.018306  -0.064962  -0.018901  -0.060737  0.010116  -0.054156  -0.053194  
0.022333  -0.010732  -0.001859  0.040512  0.090060  0.089558  0.056561  -0.196163  -0.112211  -0.088959  -0.110445  -0.084336  -0.149811  -0.066322  -0.031947  -0.015556  -0.011944  0.066076  0.060524  0.014291  0.076322  0.087554  -0.004746  -0.059522  -0.032045  -0.111853  0.005521  0.064273  -0.071550  -0.057512  -0.102536  -0.032921  0.031761  0.130564  0.086246  0.109722  0.075751  -0.104296  -0.098798  0.017714  -0.032474  
-0.070770  -0.124367  -0.025173  -0.009214  0.064908  0.046029  -0.023391  0.061896  -0.002685  0.042739  -0.043213  0.009056  -0.016341  0.028229  -0.061967  -0.028986  -0.085100  0.024477  0.213763  0.162155  0.142454  -0.013262  0.005025  0.042663  0.060890  0.015036  0.021617  0.037972  -0.028191  -0.052882  -0.003313  0.140991  0.038971  -0.024836  0.035149  -0.048964  -0.081001  -0.067571  -0.147807  -0.102616  -0.085700  
0.086888  0.049027  -0.028465  -0.080441  -0.112737  -0.046623  0.021053  -0.064217  0.004494  -0.063523  -0.054520  -0.101466  -0.118644  -0.121483  -0.221125  -0.127157  -0.141489  -0.192557  -0.239454  -0.140069  -0.169520  -0.134582  -0.057565  -0.075030  -0.135930  -0.086825  -0.071325  -0.036539  -0.019249  -0.043359  -0.056213  0.012423  -0.032242  -0.113395  -0.122524  -0.086848  -0.040601  -0.000262  -0.049239  -0.041937  -0.014015  
0.112146  0.009792  0.054924  0.031301  0.003374  0.031820  0.104763  0.048500  -0.077497  -0.004757  -0.009196  0.048156  0.123381  0.052596  0.106180  -0.006872  0.067011  0.016062  0.113043  0.139355  0.092698  -0.008146  -0.063553  -0.042482  -0.001598  0.052277  -0.109203  0.033085  0.090478  0.035922  -0.011039  -0.138411  -0.167884  -0.036005  0.026047  0.033864  0.079320  0.080915  -0.039232  -0.050012  0.110976  
-0.032860  -0.030239  -0.012407  0.053600  -0.041791  -0.033707  -0.106837  -0.126278  -0.041459  -0.023299  0.032174  -0.048370  -0.010826  -0.039505  -0.062677  -0.054329  0.071971  0.021706  -0.028410  0.013372  -0.054238  -0.127593  -0.106936  -0.093346  -0.029348  -0.048352  -0.163943  -0.130498  -0.094983  -0.032002  -0.030109  -0.102478  -0.066768  -0.080968  -0.107884  -0.036328  -0.113499  -0.003822  0.014418  0.073612  0.035791  
-0.127922  -0.225809  -0.067146  -0.031928  -0.124227  -0.030936  -0.109934  -0.143543  -0.045507  -0.109029  -0.179961  -0.083251  -0.141121  0.053297  -0.112255  0.038234  0.131241  0.130456  0.045640  0.156140  0.136375  0.039807  0.135638  0.208183  0.078496  0.029543  0.102803  0.174508  0.201580  0.138403  0.054284  0.003084  0.071826  0.064971  0.011969  0.081220  0.052021  -0.017670  0.089984  0.016047  -0.080205  
-0.012758  -0.035153  -0.023600  0.004407  0.026543  -0.031414  -0.088005  -0.018260  -0.056038  -0.026845  0.175350  0.070040  0.056574  -0.061347  -0.088800  0.026747  -0.011941  0.025983  0.012867  -0.086845  0.019715  0.024034  0.097195  0.028850  0.044889  0.010286  0.046777  -0.029338  0.006005  -0.055856  -0.166251  -0.198855  -0.201637  -0.142791  -0.131026  0.091077  0.096173  -0.035925  0.045364  0.010709  -0.055013  
0.119915  0.114255  0.014041  0.071769  0.044378  0.024818  0.119709  0.016670  0.034182  -0.027768  -0.031122  -0.032798  -0.115782  -0.046518  -0.119517  -0.126360  -0.126354  -0.027047  0.016635  0.020269  -0.119182  -0.096989  -0.045205  -0.126845  -0.195436  -0.180023  -0.087628  0.014217  -0.018310  -0.055176  -0.068336  -0.049610  0.029971  0.023921  0.056608  0.127097  0.051221  0.043912  0.053221  0.068009  0.128352  
-0.023458  -0.027710  -0.164215  0.007438  0.051293  0.035073  -0.012793  0.035974  0.019643  -0.021253  0.052988  0.090006  0.160944  0.141756  0.113774  0.003962  -0.038381  0.041869  0.092772  0.043251  0.054714  0.152877  -0.058067  -0.057886  -0.034244  -0.084445  -0.130941  -0.178562  0.037114  0.016110  0.113568  0.094987  -0.049575  0.036878  0.030390  -0.017262  -0.031259  -0.027810  -0.006267  0.039776  0.040059  
0.056143  -0.048807  -0.185801  -0.092032  -0.018180  0.039816  0.063620  0.145486  0.228051  0.203043  0.057017  0.055910  -0.038596  -0.083669  -0.071998  -0.042164  0.022850  0.152299  0.059060  0.084452  0.086908  0.109123  0.095226  0.005885  -0.112671  -0.087160  -0.055938  -0.088914  0.033689  0.011932  -0.062805  0.001012  0.005015  0.029505  -0.004167  -0.039045  0.101617  0.075737  0.013334  -0.001839  -0.049243  
-0.004882  0.069984  0.014267  -0.013847  0.033405  0.050563  0.111078  0.029523  -0.016060  -0.007972  0.049521  0.034137  0.001155  -0.017913  -0.040603  0.083044  0.133524  0.139212  0.040942  0.005354  -0.028404  -0.108023  0.040808  0.013750  -0.002163  -0.053743  -0.160449  -0.156889  -0.029409  -0.130388  -0.062239  -0.124130  -0.126968  -0.101378  -0.111916  -0.006081  -0.051915  -0.083458  -0.013474  -0.009926  -0.027395  
0.102851  0.085394  -0.085173  -0.011241  0.024228  0.051759  0.158997  0.019114  0.112539  0.032222  -0.002086  -0.035279  -0.057360  -0.009036  0.053262  0.063684  -0.132062  -0.132013  -0.044786  0.003659  -0.006595  -0.063157  -0.078346  -0.047070  -0.101795  -0.033694  0.052893  0.014493  0.042541  -0.192855  -0.175947  -0.147581  -0.032016  0.035252  -0.011940  0.100551  0.016215  0.001635  0.105383  0.026017  0.138428  
0.113000  -0.000084  -0.100673  -0.113381  -0.045158  -0.029021  -0.091496  -0.060634  -0.020548  -0.022552  0.042470  0.066475  -0.010202  -0.017873  -0.008675  -0.064375  -0.063534  -0.136213  -0.059961  -0.013932  -0.021379  0.030271  -0.011649  -0.113848  -0.058810  0.190478  0.297062  0.164078  0.102017  0.152142  0.125995  0.106223  -0.011123  -0.016873  0.020210  0.176669  0.130337  0.153185  -0.018561  0.146989  0.158599  
0.108376  0.019083  0.051805  0.070612  -0.040410  0.042784  0.048823  -0.020714  0.114813  0.111689  -0.054596  -0.125350  -0.062970  -0.034301  -0.115100  -0.102870  -0.063198  -0.004049  -0.068054  -0.146746  -0.189667  -0.117962  -0.207187  -0.145431  -0.040397  -0.040463  -0.083349  -0.026788  -0.028756  -0.001740  0.007547  0.030398  -0.109491  0.035700  0.157375  0.100292  -0.010332  0.013055  0.030156  0.135447  0.091344  
0.090018  0.004529  0.014436  0.126693  -0.045659  -0.063421  0.007449  0.104037  0.085905  0.058975  0.052211  0.081278  0.119416  0.105363  -0.054504  -0.099898  -0.130652  -0.071995  0.039417  0.000259  0.012525  -0.043827  -0.033224  -0.004590  -0.018072  0.092009  0.195168  0.148701  0.052269  0.086837  -0.012655  -0.019989  0.009109  -0.033453  -0.034157  -0.118806  -0.088183  0.041020  0.017777  -0.050762  -0.010964  
0.107255  0.108766  0.039305  0.065246  0.090715  0.125155  0.152807  0.261952  0.175674  0.178433  0.154525  0.176957  0.180402  0.096558  -0.008806  0.029041  -0.032585  0.004671  0.008615  0.074783  0.051970  0.039852  -0.088126  -0.191788  -0.044966  -0.154363  -0.066057  0.012010  -0.018313  0.018996  -0.023638  -0.068055  0.036528  0.011088  -0.049215  -0.010469  -0.032077  0.013885  0.033643  0.055507  0.037828  
0.064490  0.062222  0.077740  0.074546  0.113826  0.030398  0.102940  0.033895  -0.007103  0.157669  0.135954  0.118556  0.160552  0.144744  -0.011178  0.042804  -0.014833  -0.004424  0.079285  0.031201  0.026237  0.000481  0.076979  0.138312  0.004004  0.018648  -0.023003  -0.044045  0.090489  0.042572  0.011784  -0.059049  -0.015547  -0.023227  -0.015582  -0.008008  0.007581  0.007462  -0.006939  -0.021307  0.040850  
0.010541  -0.014322  -0.044589  0.117320  0.101977  0.036618  0.040283  -0.053323  -0.094586  0.015607  -0.017875  -0.125823  -0.039691  -0.058375  -0.061239  -0.051285  -0.034884  0.092925  0.035067  0.094709  0.158220  0.055543  0.065094  0.074934  0.091736  -0.066728  -0.013134  -0.048923  0.010910  0.069125  -0.025954  0.071299  0.067541  0.058092  0.028046  0.046787  0.007780  -0.040843  -0.021053  -0.013810  -0.054192  
-0.150412  -0.117148  -0.104089  -0.045658  0.000648  -0.004407  0.024508  -0.011606  -0.003825  0.073191  0.133372  0.075193  0.159717  0.165034  0.083124  0.105559  0.038454  -0.026810  -0.001160  0.011238  0.161031  0.033567  0.082966  0.076327  0.092894  0.076503  0.008801  0.019088  -0.078882  -0.124268  -0.083096  -0.037325  -0.096572  -0.024367  -0.100224  -0.080726  -0.111378  -0.056775  -0.084673  0.005261  -0.043525  
